19
3
0 1 2
3 0 5
2 4 0
2 1
3
0 2 2
1 0 3
4 1 0
0 1
2 
0 20 
20 0
0 1 
4 
0 150 190 290 
150 0 30 120 
190 30 0 100 
290 120 100 0
3 1
3 
0 200 5 
200 0 175
5 175 0
0 2
23
0 116 350 854 790 596 672 701 374 224 46 648 448 588 318 931 847 350 976 356 68 981 204 
687 0 127 636 887 806 34 260 950 816 320 481 357 861 574 840 874 762 22 910 558 691 170 
894 873 0 523 222 634 970 869 345 51 340 204 556 865 880 877 158 277 799 874 670 968 497 
235 167 225 0 940 276 221 975 832 37 792 984 171 956 525 228 238 120 608 113 285 521 902 
440 733 282 197 0 122 856 54 584 819 522 326 69 11 191 313 319 668 484 411 552 26 489 
138 808 131 604 821 0 79 852 32 230 492 545 191 163 446 815 752 520 820 465 499 571 556 
65 89 563 119 562 289 0 801 618 380 525 489 71 144 40 374 403 95 558 715 504 703 6 
304 375 242 813 46 865 327 0 761 716 647 690 402 518 681 262 64 319 973 435 269 777 536 
86 585 420 904 591 611 559 218 0 84 899 553 360 955 320 544 133 410 995 78 711 803 945 
318 833 575 497 965 392 351 193 992 0 856 718 450 849 370 912 55 41 